# x y sigma_y
0.43434 -0.07055 0.05864
0.89899 0.00939 0.01509
-0.53535 -0.16918 0.01401
0.49495 -0.03445 0.02869
0.93939 0.06551 0.04906
0.29293 -0.01256 0.01381
-0.07071 -0.10348 0.01560
-0.27273 -0.16686 0.03866
-0.73737 -0.09731 0.04357
-0.31313 -0.18954 0.05533
-0.25253 -0.18772 0.03111
-0.97980 0.10678 0.03221
0.09091 -0.09651 0.01263
-0.95960 0.08907 0.05883
0.61616 -0.01844 0.03061
0.87879 0.00230 0.05915
0.17172 -0.05791 0.04150
-0.83838 -0.05572 0.04394
-0.11111 -0.13456 0.01978
0.77778 -0.03588 0.02101
