5.933356521282293627e-01 -7.296456995051645578e-01
-3.724373323367009547e+00 3.003292760769864067e+00
-1.160099300964746671e+00 -5.022577681770011848e-01
-1.025999252393956951e+00 -8.761332593681567249e-02
-2.283855733941884125e+00 -1.579621699082588204e+00
-1.173246109790683001e+00 -9.471027245596157496e-01
-2.150610598589346445e+00 -1.288159746354063939e+00
-1.940561671097730478e+00 -3.101594244439696446e+00
-2.521601240362628893e+00 -1.142317758653063287e+00
-3.605234143947418701e+00 4.808297112713146859e+00
1.139221328050448179e-01 2.892230452476061142e-01
-1.935971570897312866e+00 -1.500450481664765023e+00
-1.977962586722350924e+00 -1.134055249143673505e+00
-2.911515540992809292e+00 -2.110935397979471162e+00
-1.015272255180655669e+00 9.653062299462125684e-03
-3.718642559053644270e-01 6.482503696527984749e-01
1.876121551300524715e-02 2.339821720817540918e-01
-2.573161490150762010e+00 -2.194900923483737554e+00
8.866713442824583069e-01 -3.992458230842040656e+00
-3.524492336002992499e+00 4.964734458584418419e+00
-3.406637213466372938e+00 1.664162700821979479e-01
-3.643337413118589385e+00 4.087433211525826948e+00
-2.861396028060114283e+00 -5.168450884384528266e+00
-7.722173169264729964e-01 4.934559509849326675e-01
-2.690554762889872276e+00 -2.373720837535365114e+00
-9.589238400064918899e-01 1.835169973523197995e-01
-2.129348256319112842e+00 -5.446149377117007973e+00
-1.680215728647861173e+00 -4.462154074302746132e+00
-1.435518389032398368e+00 -7.584091537292565466e-01
-2.087660725951942631e+00 -5.381241632153948018e+00
-1.752996603016643284e+00 -1.302601958213188693e+00
-1.655689318003430444e+00 -2.083884726551386901e+00
7.677084444391839568e-01 -3.068181559760969179e+00
-1.155340013643098906e+00 -3.598186530835447150e-01
-3.450273077698740920e+00 1.459924121871218450e+00
-5.181800539931709082e-01 8.417090325986347210e-01
7.248457303657360740e-01 -6.316168112880715668e-01
-1.698692875162668869e+00 -3.023445072557063185e+00
-3.172362475628641043e+00 -1.756715689554599891e-03
-2.620022801781317856e+00 -4.684836576864599422e+00
-3.162015457241194483e+00 -1.778191541142239762e+00
-3.858066396921581376e+00 4.718912171186177673e+00
-1.926440939650420070e+00 -2.064445533538051158e+00
-2.378858939738646150e+00 -3.984921867289609398e+00
9.144211808826359089e-01 -7.641281353787139352e+00
-2.389022578068289882e+00 -3.580243300941511997e+00
-1.518453315655237112e-01 1.336868856534755734e+00
-9.822924070414185138e-02 2.706816678866823089e+00
-5.474286095263201091e-01 1.668682547127017690e+00
-2.587876660498010128e+00 -2.365976336293855287e+00
-8.154483961045642104e-01 5.473149909262168267e-01
-6.184738702817580425e-01 6.818199806611980884e-01
-2.595560097349697948e+00 -1.759934946379190901e+00
-9.107725064186134034e-01 2.975488461796419459e-01
-1.344038424513060104e+00 -1.228007738938136528e+00
6.039616712730166981e-01 -1.281842789318280218e+00
-8.448101515494252922e-01 7.056114470326542154e-01
-2.769884234062625961e+00 -3.349407537744464758e+00
-1.690191536338378597e+00 -1.895832248029324152e+00
-2.092339076886350124e+00 -2.842990941458514609e+00
-3.301690479465629657e+00 -5.890829933156637235e-03
-3.125635532428806762e+00 -1.468119858808525802e+00
-1.812644111693472837e+00 -2.879012619951145879e+00
-1.493575003641356425e+00 -8.220289408160974531e-02
-3.381017575780341122e+00 9.198789575211379077e-01
-7.261679187853022910e-01 8.891716937332259096e-01
-1.944165718628229733e+00 -1.735332328622126719e+00
-2.126785421679246113e+00 -4.009727592726455292e-01
-2.714853388057774097e+00 -1.365135228004008550e+00
-1.309400741734290996e+00 1.323514915853925000e-01
-4.765352083711409392e-01 1.968843442246231756e+00
-2.387661185588743074e-01 2.304433670832356285e+00
-1.876250203977621656e+00 1.050056855882523621e+00
3.284515272221364413e-01 -3.468398572003169589e-01
-3.281273388765569621e+00 -1.259099492757949634e-01
-1.981374193651053606e+00 -5.040421450631033196e+00
-5.479577213752229170e-02 4.411189378935506111e-01
-1.953556991796958187e+00 -1.770193261421649122e+00
-1.185701036550111720e+00 -6.328144042308196937e-01
-6.577614553750681381e-01 2.765433559728456281e-01
-3.420118622798213437e+00 2.585006361442091505e-01
-1.060266774706243087e+00 -9.904982370956405546e-02
-2.521818353022308390e+00 -7.742048579088828930e+00
-4.332553774189857876e-01 1.234782209939643716e+00
-3.079067136230739798e+00 -1.109588428740291066e+00
5.441613307759540774e-01 -8.344396929641819671e-01
-3.493032205856965611e+00 1.690367850746161027e+00
-3.595621215570504514e+00 5.487558388698964507e+00
-8.168904428257599548e-01 7.813661001023273212e-01
-1.662920607014986452e+00 -1.244764041183499259e+00
-1.052816270240894081e+00 -6.119286357832889878e-02
-1.162663304807699749e+00 -1.268311813905073304e+00
-2.714172061762054611e-01 2.172198078633282403e+00
-1.129135684227165370e+00 -5.308708865415500133e-01
-2.330106403896303746e+00 -4.808702621324544957e+00
-1.310522086368509864e+00 3.435871167267836590e-01
-8.746775509666626647e-01 3.736313328594501604e-01
-2.281330278581595650e+00 -2.415927903629619955e+00
2.785700376548163604e-01 2.054944434098774919e-01
-2.742688921876524244e+00 -2.136970389417450544e+00
