-5.096621637499965107e-01 1.710919675013256036e+00 0.000000000000000000e+00
1.336154012569627181e+00 -2.307963609702749608e+00 1.000000000000000000e+00
1.170203521578670358e+00 -2.000534431264209712e+00 1.000000000000000000e+00
1.872228218049516446e+00 -1.026167525413912429e+00 1.000000000000000000e+00
1.630063365196167791e+00 9.077498779854575872e-02 1.000000000000000000e+00
-2.466063323476413993e-01 7.155990287772262537e-01 0.000000000000000000e+00
1.636895385943665460e+00 -1.578111666431513127e+00 1.000000000000000000e+00
-9.585394299799587792e-01 9.681703797200409412e-01 1.000000000000000000e+00
-6.840105872750796845e-01 1.358760444594268701e+00 0.000000000000000000e+00
2.243818194975273794e+00 -2.830942805325763700e+00 1.000000000000000000e+00
-5.059683632889075966e-01 2.237686127248377232e+00 0.000000000000000000e+00
-5.140283288154927632e-01 7.504387581290067333e-01 0.000000000000000000e+00
1.022040270752840652e+00 -2.058787609982091649e+00 1.000000000000000000e+00
1.965496335210832335e-01 -6.521899738210334974e-02 0.000000000000000000e+00
2.038898899727632497e+00 -1.598789589276316647e+00 1.000000000000000000e+00
-1.988342549616035626e-01 -5.767343214061797507e-01 1.000000000000000000e+00
-6.079463987141171533e-01 2.769554732956192922e+00 1.000000000000000000e+00
8.451257637972212633e-01 -1.154669798803091396e+00 1.000000000000000000e+00
3.101853223572811125e+00 -4.496398479001398663e+00 1.000000000000000000e+00
9.652874634310258939e-01 -2.141127339380231032e+00 1.000000000000000000e+00
9.069489489134051619e-01 -2.192860858422217785e+00 1.000000000000000000e+00
-5.268324907679859948e-01 2.813290291946801247e+00 0.000000000000000000e+00
7.785946597310009487e-01 1.660280628613441722e+00 0.000000000000000000e+00
-3.358252527852936264e-01 -1.973001086422279782e+00 1.000000000000000000e+00
-1.730097959491689430e+00 -1.130673725262429929e+00 0.000000000000000000e+00
2.424884223791807791e-01 1.021681905948215840e+00 0.000000000000000000e+00
-8.689984155955530198e-01 -1.934827637244328269e+00 1.000000000000000000e+00
1.105437576962109869e+00 -3.951448132366611521e+00 1.000000000000000000e+00
9.756638460644553312e-01 -2.573291282898400478e+00 1.000000000000000000e+00
-1.244357392076089308e+00 -2.778525294618741093e+00 1.000000000000000000e+00
-1.544796412773568051e+00 1.873520617127861776e-01 0.000000000000000000e+00
1.760395979755091211e+00 -1.284757901253567258e+00 1.000000000000000000e+00
-9.643303091057040533e-01 -1.711999989659116483e+00 1.000000000000000000e+00
7.680795842680276930e-01 -3.304286585983156499e+00 1.000000000000000000e+00
-4.387967266160922586e-01 9.943219612099001292e-01 0.000000000000000000e+00
-9.479026186828329870e-01 -1.177102917664886839e+00 1.000000000000000000e+00
2.570632895437439558e+00 -3.591952291896728156e+00 1.000000000000000000e+00
6.150191348843263572e-01 -2.457061605819845784e+00 1.000000000000000000e+00
-3.314263235440561006e-01 6.421954040738961922e-01 0.000000000000000000e+00
1.672165118971707054e+00 -3.190811728390986701e+00 1.000000000000000000e+00
3.081357959337586383e+00 -2.751152755380428694e+00 1.000000000000000000e+00
3.171358774275376824e-01 9.057444562110359421e-01 0.000000000000000000e+00
5.022763437409057952e-01 -2.766718170408848820e+00 1.000000000000000000e+00
-1.003125772882397460e+00 -2.792317333990134376e+00 1.000000000000000000e+00
2.149207368049325773e+00 -4.932058081761747204e+00 1.000000000000000000e+00
2.291247201863754412e+00 -4.176936721267376917e-01 1.000000000000000000e+00
-9.452695849632190006e-01 1.358720174122526547e+00 0.000000000000000000e+00
-6.066694359591435770e-01 1.309618511685395337e+00 0.000000000000000000e+00
1.807411832933884632e+00 -2.758930173227381211e+00 1.000000000000000000e+00
6.109742311534269721e-01 -1.354025730720600729e+00 1.000000000000000000e+00
1.491421073146483200e+00 -2.969783017095550814e+00 1.000000000000000000e+00
-1.365549869883073475e+00 1.150898786946374930e+00 0.000000000000000000e+00
-1.850951356544927595e-01 1.208834954427718822e+00 0.000000000000000000e+00
-6.158037878045556912e-01 -6.208481387552315933e-01 1.000000000000000000e+00
1.183086540273238896e+00 -2.034958934918533302e+00 1.000000000000000000e+00
-2.517768912385390134e+00 1.971722073708995771e+00 0.000000000000000000e+00
1.908566904582491341e+00 -3.847459121626697787e+00 1.000000000000000000e+00
-1.126634434338023460e+00 -3.162789306971287573e-01 0.000000000000000000e+00
-4.530739911026442357e-01 2.090881835619692541e+00 0.000000000000000000e+00
-2.775136335100772733e+00 6.533604193875243160e-01 0.000000000000000000e+00
-2.320081804517345470e-01 1.977488141406942290e+00 0.000000000000000000e+00
-1.272582709655513122e-01 3.253837896727842516e+00 0.000000000000000000e+00
2.059957614278689952e+00 -1.990543117415044527e+00 1.000000000000000000e+00
-1.973038428971585212e-01 -4.432071612255621407e-01 1.000000000000000000e+00
-1.507657589670376552e+00 -2.013875651156109559e-01 0.000000000000000000e+00
1.226628961333915413e+00 -2.128164621388577871e+00 1.000000000000000000e+00
2.673028329617805898e-01 -2.269558913637890640e+00 1.000000000000000000e+00
-1.167604032839519634e+00 -9.954433465796230784e-02 0.000000000000000000e+00
1.219917924365107043e-01 -9.471477746598664371e-01 1.000000000000000000e+00
-1.859449946875084692e+00 1.331422986206675763e+00 0.000000000000000000e+00
-1.467633623128732356e+00 2.147941199364600262e-02 0.000000000000000000e+00
-4.033138838763578038e-01 7.699365965939909406e-01 0.000000000000000000e+00
3.014072735105938428e+00 -3.637397610567810080e+00 1.000000000000000000e+00
1.694253900701270688e+00 -2.238227479621409444e+00 1.000000000000000000e+00
-4.262998636873720493e-01 -3.380665273565011120e+00 1.000000000000000000e+00
1.453767982739311071e+00 -3.161710145786623016e+00 1.000000000000000000e+00
3.936378350370074441e-01 -1.649669094250346246e+00 1.000000000000000000e+00
-1.824892495985736218e+00 8.104357686335246225e-01 0.000000000000000000e+00
2.846031718181880610e-01 -8.657006724488149896e-01 1.000000000000000000e+00
1.217195953194913915e-01 4.679676264718579670e-02 0.000000000000000000e+00
-1.137538064439405083e-01 4.795173218780375279e-01 1.000000000000000000e+00
5.493454709197280739e-01 -4.749600513104446087e-01 1.000000000000000000e+00
8.417637233400873109e-01 -1.704769898388797333e+00 1.000000000000000000e+00
-1.238283109701066476e+00 3.290221466696422681e+00 0.000000000000000000e+00
1.682976540463341220e-01 6.993316127834066087e-01 1.000000000000000000e+00
6.994773771355277114e-01 -1.867569216761753026e-01 1.000000000000000000e+00
2.138515762586013391e+00 -7.210292958962778442e-01 1.000000000000000000e+00
-1.535979669819603100e+00 -4.838326202916443108e-01 0.000000000000000000e+00
-1.581141147406334158e+00 7.251760157622768599e-01 0.000000000000000000e+00
-2.145097387956526269e+00 -2.653278652207017085e+00 0.000000000000000000e+00
7.832360777002732588e-01 -5.131864694389713932e-01 1.000000000000000000e+00
3.013890189089213356e-01 -1.702215933089027855e+00 1.000000000000000000e+00
-6.785854437284077889e-01 -2.088027743701365235e+00 1.000000000000000000e+00
-2.309344299824215074e+00 1.525034396060957587e+00 0.000000000000000000e+00
3.139059885009397588e-01 -1.028944843828105915e+00 1.000000000000000000e+00
-1.635029931798867464e+00 2.286398561647776440e+00 0.000000000000000000e+00
1.467079047163472927e+00 -3.665310244578298793e+00 1.000000000000000000e+00
5.487922602708561470e-02 -2.795279519903339782e-01 0.000000000000000000e+00
-2.286378960258224957e+00 6.316425234163428604e-01 0.000000000000000000e+00
1.336619290255805836e+00 2.637565229597184313e+00 0.000000000000000000e+00
-1.307390161312989685e+00 2.315026866421045604e+00 0.000000000000000000e+00
1.914361497472059082e-01 1.258460257617718403e+00 0.000000000000000000e+00
1.734665491477782151e+00 -2.966684523800285689e+00 1.000000000000000000e+00
-3.275815273449153020e-01 9.346361235791464939e-01 0.000000000000000000e+00
1.885754256573568544e+00 -4.510731717854401523e+00 1.000000000000000000e+00
9.076788207921057117e-01 -1.931505468024150796e+00 1.000000000000000000e+00
-6.426410219772115129e-01 2.996982038349825128e+00 0.000000000000000000e+00
7.589118929787108669e-02 1.123852483961393922e+00 0.000000000000000000e+00
-3.172879571806515031e+00 -1.881586833439355289e+00 0.000000000000000000e+00
8.521118526618663980e-01 4.424700802096142027e-01 1.000000000000000000e+00
-9.607139873202736879e-01 -8.998814696252788181e-01 0.000000000000000000e+00
-7.114427775681415600e-01 -1.369684563974113090e+00 1.000000000000000000e+00
-1.430775088927069172e+00 1.508740864940674831e+00 0.000000000000000000e+00
-2.575863068406958334e-02 -2.296534505008112070e-01 1.000000000000000000e+00
1.220427022106644888e+00 -3.613256900640460234e+00 1.000000000000000000e+00
-1.272711097195301733e+00 1.925243383196628688e+00 0.000000000000000000e+00
1.573201846795135861e+00 5.216307231437298242e-01 1.000000000000000000e+00
-1.005389630696834846e+00 2.522505284823711946e+00 0.000000000000000000e+00
8.891531070358672517e-01 7.660600998183362265e-01 1.000000000000000000e+00
-3.555104951810177383e-01 1.845299109033243568e+00 0.000000000000000000e+00
-1.912842866868493807e-01 3.029621134471960353e+00 0.000000000000000000e+00
1.367280947969720550e+00 -2.627918432741005894e+00 1.000000000000000000e+00
6.869664912936279677e-04 -1.392336395943063909e+00 1.000000000000000000e+00
1.641885019001887436e+00 -2.743813809353581767e+00 1.000000000000000000e+00
2.240084895751082605e+00 -3.752813540181906937e+00 1.000000000000000000e+00
-1.138472073218115277e+00 2.576329916114263874e-01 0.000000000000000000e+00
-8.644269671044342296e-01 -1.121824666055776465e+00 1.000000000000000000e+00
-1.499825908762868476e+00 1.412713898427091941e+00 0.000000000000000000e+00
1.015260631566817562e+00 -1.057027031325394884e-01 1.000000000000000000e+00
6.159555972332411145e-01 -2.887585581980241400e+00 1.000000000000000000e+00
5.478319556714623673e-01 1.556988790155847902e+00 0.000000000000000000e+00
-7.767496982028240238e-01 1.195929635420358572e+00 0.000000000000000000e+00
-4.647167514794632304e-01 -1.433509875217361618e+00 1.000000000000000000e+00
1.410370858346948530e+00 -2.694790384096558356e+00 1.000000000000000000e+00
-8.690860538483879960e-01 5.987484209235063304e-01 0.000000000000000000e+00
1.639778739584856648e+00 -2.473555071112508497e+00 1.000000000000000000e+00
-8.637765100974270638e-02 2.210484980792679188e+00 0.000000000000000000e+00
8.398144140330126017e-01 -4.003415626212236234e+00 1.000000000000000000e+00
1.004615794245433014e+00 -4.170492484144016743e+00 1.000000000000000000e+00
1.383019799809866779e+00 -2.388651146275477366e+00 1.000000000000000000e+00
3.540676094199932677e-01 1.573987479307702664e+00 1.000000000000000000e+00
8.398206882863030742e-01 8.040065801035795046e-01 0.000000000000000000e+00
-1.123774239140169939e+00 2.579607329849432640e-01 0.000000000000000000e+00
-4.778207946132373429e-01 -1.271374761439529877e-01 1.000000000000000000e+00
-3.429222938748926808e+00 4.929173081500483056e-01 0.000000000000000000e+00
-2.225306300892744282e+00 -5.171229952981692968e-01 0.000000000000000000e+00
-9.603356325292515816e-01 -1.494840011521281209e+00 1.000000000000000000e+00
3.596763003345925025e+00 -4.612058836555871011e+00 1.000000000000000000e+00
5.409145671771555808e-01 -1.258868303146781109e+00 1.000000000000000000e+00
1.757387810766020797e+00 -2.965391986615071751e+00 1.000000000000000000e+00
9.380209144104746377e-01 -2.549941218048515257e+00 1.000000000000000000e+00
-2.334910545767104217e+00 -4.337624534823558697e-01 0.000000000000000000e+00
-6.830085325451212830e-01 1.428431057092236500e-01 0.000000000000000000e+00
1.723952147402134205e+00 -2.139697001993883685e+00 1.000000000000000000e+00
-7.397047619057628420e-01 1.836623980085136498e+00 0.000000000000000000e+00
1.418843067459345963e+00 -5.793961864175065202e+00 1.000000000000000000e+00
2.481661517856409649e+00 -2.463901246412112833e+00 1.000000000000000000e+00
-5.582135122400533334e-02 -9.086588500683052683e-01 1.000000000000000000e+00
8.938069571508286959e-01 -2.120664877775828572e+00 1.000000000000000000e+00
-1.572001239356749513e-01 2.621897710301566153e-01 0.000000000000000000e+00
-1.716684339703077100e+00 1.223545908286901795e+00 0.000000000000000000e+00
1.790435908873899695e+00 -2.427538266769039499e+00 1.000000000000000000e+00
3.501788130895544526e-02 1.649876987400675787e+00 0.000000000000000000e+00
1.563760885561727765e+00 -1.654788429548182727e+00 1.000000000000000000e+00
-5.961537593632606491e-01 -1.402845846229944238e+00 1.000000000000000000e+00
1.708703105589235438e-01 2.176788971382964455e+00 0.000000000000000000e+00
1.338378437433622725e+00 2.449112688853218867e+00 0.000000000000000000e+00
-4.294657450271468502e-01 -2.257686663496309087e+00 1.000000000000000000e+00
-2.465357179272791299e+00 4.705587926016587819e-01 0.000000000000000000e+00
-1.953860054290771142e+00 2.238215230744184936e+00 0.000000000000000000e+00
-3.632698312176037003e-01 1.944551572842097897e+00 0.000000000000000000e+00
1.143794963819360744e+00 -2.654958252197412438e+00 1.000000000000000000e+00
1.359856907663157921e+00 -3.474793099149508180e+00 1.000000000000000000e+00
3.640356410501366380e-01 -2.520198915546684848e+00 1.000000000000000000e+00
-1.733273175467026084e+00 2.531516225383041441e-01 0.000000000000000000e+00
2.464413890829004750e+00 -4.661619504249065571e+00 1.000000000000000000e+00
1.448641134202840242e+00 -1.177771059461306669e+00 1.000000000000000000e+00
1.074595389396356016e+00 -1.880817031530518602e+00 1.000000000000000000e+00
-1.074249034549455084e+00 1.268807921041200659e-01 0.000000000000000000e+00
1.426110964713942941e+00 -3.131144391103809710e+00 1.000000000000000000e+00
-3.686668331325020365e-01 1.680503658813123913e-01 0.000000000000000000e+00
1.911059767517070629e+00 -8.226316610105410820e-01 1.000000000000000000e+00
-1.342781333472425231e+00 2.196302403818656046e+00 0.000000000000000000e+00
-1.150061943613725601e+00 -5.052335471464826089e-01 0.000000000000000000e+00
-7.114520359228441171e-01 -8.928355928502491601e-01 0.000000000000000000e+00
1.646448273707568966e+00 -3.674880505618356441e+00 1.000000000000000000e+00
3.190788407170863650e-02 -3.559699445879151991e-01 0.000000000000000000e+00
-5.903862382104326789e-01 -5.719846594337549828e-01 0.000000000000000000e+00
-4.112052842620829152e-01 5.453651219016527385e+00 0.000000000000000000e+00
-1.427661678999621042e-01 -1.794476352730191460e+00 1.000000000000000000e+00
-2.307781293001931466e-02 -2.143002319350568285e+00 1.000000000000000000e+00
-1.596988133153151690e+00 -3.198347276874964340e-01 0.000000000000000000e+00
-3.705416655624951261e-01 1.611876237657974276e-01 0.000000000000000000e+00
-1.175175194658380162e+00 -6.419878569977228722e-01 0.000000000000000000e+00
6.018132131064801715e-01 -4.356732825447835467e+00 1.000000000000000000e+00
-1.808008415851934725e+00 1.055387163905266101e+00 0.000000000000000000e+00
-1.002742541117096486e-03 1.753590418202748191e+00 0.000000000000000000e+00
2.226196043052588447e-01 -4.599722248756357157e-01 1.000000000000000000e+00
-7.549660781517544272e-01 1.971399645523143729e+00 0.000000000000000000e+00
-7.968270617935235833e-01 1.784636564541504544e+00 0.000000000000000000e+00
-6.606275373129819606e-01 -1.694278069390143360e+00 1.000000000000000000e+00
1.881650397972696176e-01 1.071267324505736251e+00 0.000000000000000000e+00
-2.324127520962786519e-01 -3.098711452479725459e+00 1.000000000000000000e+00
1.785396847451412583e-01 1.707734909621660302e+00 0.000000000000000000e+00
-5.944362460277201610e-01 -2.016425027810473392e+00 1.000000000000000000e+00
-4.703080067902656314e-01 1.138651754459329979e-01 0.000000000000000000e+00
1.614903870152691212e+00 -4.034864627509157309e+00 1.000000000000000000e+00
4.443940001832762388e-01 1.670582795885044991e+00 1.000000000000000000e+00
-6.368555375342754843e-01 1.951648686255357701e+00 0.000000000000000000e+00
-5.531059637525537198e-03 -4.012473844288527047e+00 1.000000000000000000e+00
-1.536311343032725762e+00 -3.176016874818905489e-01 0.000000000000000000e+00
-9.168224315182410544e-01 3.397249007225399353e+00 0.000000000000000000e+00
1.876694813356317937e+00 -3.018494337713518050e+00 1.000000000000000000e+00
1.045815296110394810e+00 -2.732151068591717635e+00 1.000000000000000000e+00
1.456400156121606670e+00 -3.049377506612128030e+00 1.000000000000000000e+00
-2.349054153384528831e+00 1.108039593937537814e+00 0.000000000000000000e+00
1.762629995351856937e+00 -2.591244760413450088e+00 1.000000000000000000e+00
7.305628686681470141e-01 -5.730743345079114537e-01 1.000000000000000000e+00
2.109917872269923222e+00 -1.088380844918555468e+00 1.000000000000000000e+00
-4.314229351414302638e-01 3.457041131600678163e+00 0.000000000000000000e+00
-1.239911565507117786e+00 1.266201937276316691e+00 0.000000000000000000e+00
-5.338612804623876773e-02 2.145533353370736585e+00 0.000000000000000000e+00
-8.441354301793857484e-01 1.066524573553044197e+00 0.000000000000000000e+00
-2.473389878248399398e+00 1.251054294143296719e+00 0.000000000000000000e+00
-1.186291955701671563e+00 -1.647519321791710567e-01 0.000000000000000000e+00
2.381203955935094818e+00 -3.859698875808986518e+00 1.000000000000000000e+00
1.611142361633925546e+00 -6.458737220947483593e-01 1.000000000000000000e+00
4.541830876539272310e-01 -1.543063064415769681e+00 0.000000000000000000e+00
7.382821485688038088e-01 -4.454950415800982277e+00 1.000000000000000000e+00
9.161949263921955744e-01 -1.129021627839666309e+00 1.000000000000000000e+00
-1.410426475212062103e+00 2.365332156729563984e+00 0.000000000000000000e+00
1.379621061392922510e+00 -1.314975480309599654e+00 1.000000000000000000e+00
2.527322747247359835e+00 -3.820238605406942600e+00 1.000000000000000000e+00
2.049856950428631031e+00 -5.343475700217863444e-01 1.000000000000000000e+00
1.117892428464470900e-01 1.142921560717757856e-01 1.000000000000000000e+00
-6.251377552230188428e-01 4.248867862320952149e+00 0.000000000000000000e+00
9.084328291357124385e-01 -3.634784209765906660e-01 0.000000000000000000e+00
4.904835674969287851e-02 -3.289520238372147798e-01 0.000000000000000000e+00
-1.516966545703445135e+00 6.909911437863237582e-01 0.000000000000000000e+00
2.341405250667671911e+00 -3.092037285242401623e-01 1.000000000000000000e+00
-3.125228605996017706e-01 -2.197916598820492950e-01 1.000000000000000000e+00
6.028571078145181783e-01 -9.959352354093067294e-01 1.000000000000000000e+00
-1.935720133629291961e+00 2.663025606438307324e-02 0.000000000000000000e+00
-1.066224057497080269e+00 2.859731484768390786e+00 0.000000000000000000e+00
1.611345667781454161e-01 9.052726016185344005e-01 0.000000000000000000e+00
1.904692401089239429e+00 -1.384061847850243332e+00 1.000000000000000000e+00
-1.257226047424885973e+00 2.372972011983892848e+00 0.000000000000000000e+00
1.677962496931857839e+00 -2.145051334587671832e+00 1.000000000000000000e+00
-8.212499406501405641e-02 -1.697946142926776147e-02 0.000000000000000000e+00
1.300770385171788890e-01 -1.554266725519492631e+00 1.000000000000000000e+00
2.443214424625217429e-02 -1.201948722972209893e+00 1.000000000000000000e+00
-1.629168700760845967e+00 2.794368058037619562e-01 0.000000000000000000e+00
2.629313698381576359e+00 -1.459974526210384926e+00 1.000000000000000000e+00
5.833121509491629997e-01 3.758195765214193962e+00 0.000000000000000000e+00
-1.943067862119065126e+00 -4.558277716084258024e-01 0.000000000000000000e+00
-1.904059822605747687e+00 1.304598536602508352e+00 0.000000000000000000e+00
4.398761855938432275e-01 -2.453975287388398208e+00 1.000000000000000000e+00
1.888667402092528924e+00 -1.634406294107176638e+00 1.000000000000000000e+00
1.896644059299726015e+00 -2.050588986006063763e+00 1.000000000000000000e+00
1.099496659069542526e+00 -2.772397502815004078e+00 1.000000000000000000e+00
1.066859229074634818e+00 -1.206988330068929915e-01 0.000000000000000000e+00
1.822699143478915040e+00 2.351833295208320074e+00 0.000000000000000000e+00
-2.345497670390321865e-01 -2.860835984497294149e+00 1.000000000000000000e+00
-7.480448777329982146e-01 1.934433467486563085e+00 0.000000000000000000e+00
-2.863350146406864916e+00 -2.036465148190373942e-01 0.000000000000000000e+00
-2.146819885166406650e+00 7.272483098212689789e-02 0.000000000000000000e+00
6.942527233528021924e-01 2.750024805287625718e+00 1.000000000000000000e+00
1.863926755525567636e+00 -2.556807042937113472e+00 1.000000000000000000e+00
2.425800145866943147e+00 -3.163553247627405085e+00 1.000000000000000000e+00
1.639654427210561982e+00 -3.142163115404104090e+00 1.000000000000000000e+00
-3.214151673198106796e-02 2.567123506578198544e+00 0.000000000000000000e+00
2.113075032919911056e+00 -2.792772512070468061e+00 1.000000000000000000e+00
-1.230076046690735447e+00 1.923294810757791851e+00 0.000000000000000000e+00
2.867805381093282424e-01 -3.701175101629630593e+00 1.000000000000000000e+00
1.495899011234874232e+00 -1.200297713195635163e+00 1.000000000000000000e+00
-1.192375964701705149e+00 1.160919776597567843e+00 0.000000000000000000e+00
-7.460427208277625732e-01 -1.253718869274329517e+00 0.000000000000000000e+00
9.591793964632930880e-01 1.740733109645774768e+00 0.000000000000000000e+00
9.353906223977341838e-01 -1.263501193479358520e+00 1.000000000000000000e+00
1.698089896252348296e-01 4.241005494486694616e+00 0.000000000000000000e+00
8.925985220151492205e-01 -1.439913146663211796e+00 1.000000000000000000e+00
-1.318578418469678049e+00 1.731956428914777746e+00 0.000000000000000000e+00
2.636008204822069878e+00 -3.324043322669322897e+00 1.000000000000000000e+00
7.243124481393007352e-01 -3.253467924856480842e+00 1.000000000000000000e+00
-2.305373474602117501e+00 2.188256503173709344e+00 0.000000000000000000e+00
-2.517611768168075415e+00 -3.160252670610348424e-01 0.000000000000000000e+00
1.718982260760337777e+00 -4.947183106036368017e-01 1.000000000000000000e+00
8.826319717429459422e-01 -9.311717502847827177e-02 1.000000000000000000e+00
-2.795940382544062075e-01 4.649285028873363368e-01 0.000000000000000000e+00
-1.558182506287959512e+00 6.453500657383082206e-01 0.000000000000000000e+00
1.690423237614453011e+00 -2.690006998036972075e+00 1.000000000000000000e+00
-1.263140015069125210e+00 -1.536614811956015014e+00 0.000000000000000000e+00
-2.698872967672308221e+00 8.561400214998994285e-01 0.000000000000000000e+00
-2.663196765365329011e+00 1.448541832444666166e+00 0.000000000000000000e+00
2.597753479868860182e+00 -6.221770852599435742e+00 1.000000000000000000e+00
1.077505421300455346e+00 -2.630095100999576552e+00 1.000000000000000000e+00
-1.466910495473847664e+00 2.383063032390830838e+00 0.000000000000000000e+00
-1.048952989407472280e+00 3.182964649504261168e+00 0.000000000000000000e+00
-6.070288087529585042e-02 1.308443637461970788e+00 1.000000000000000000e+00
-2.163015642560126128e+00 2.498320083309591766e+00 0.000000000000000000e+00
-5.013051033824684755e-01 1.292392910992305133e+00 0.000000000000000000e+00
1.571001983185908557e+00 -2.960760258645069420e+00 1.000000000000000000e+00
-2.370141451073757288e-01 -2.634056623645445683e+00 1.000000000000000000e+00
-2.218305229241754439e+00 -9.079471674272594495e-01 0.000000000000000000e+00
-1.509578815590175704e+00 1.878949321828847774e+00 0.000000000000000000e+00
1.660459276737930923e+00 -1.786996255257095267e+00 1.000000000000000000e+00
-1.442063908747858170e+00 2.266051088385853340e+00 0.000000000000000000e+00
-1.504698087025526210e+00 1.325607950955554504e+00 0.000000000000000000e+00
-2.919255412243189074e-01 1.905901356580862016e+00 0.000000000000000000e+00
-9.717784216973945899e-01 -2.630868444000259210e+00 1.000000000000000000e+00
1.198865141709130722e+00 -4.003538430648173829e+00 1.000000000000000000e+00
3.130056898998449189e+00 -3.069689451105724665e+00 1.000000000000000000e+00
-1.863416751087177747e+00 -1.132675477191052771e+00 0.000000000000000000e+00
1.063315506423743617e+00 -3.018444668655828611e+00 1.000000000000000000e+00
1.285052188569389742e+00 -5.146826749653192756e-01 1.000000000000000000e+00
1.060380259037159822e+00 -3.366554676356003917e-02 1.000000000000000000e+00
5.737235947553588344e-01 -1.644514001481188092e+00 1.000000000000000000e+00
-6.828182494321954898e-01 -3.563537778197537698e+00 1.000000000000000000e+00
1.812434582862820776e-02 -8.747807829488816189e-01 0.000000000000000000e+00
-1.421909419769174843e+00 1.160450173539427032e+00 0.000000000000000000e+00
-1.074649349246476593e+00 1.749490611932460471e+00 0.000000000000000000e+00
-1.596564339913473241e+00 1.758862089223758307e-01 0.000000000000000000e+00
-5.242088145827681345e-01 -2.385620674958336629e+00 1.000000000000000000e+00
1.190141552909633749e-01 1.477665283393357010e+00 0.000000000000000000e+00
-9.839997694624514901e-01 2.382992521154733812e+00 0.000000000000000000e+00
-1.035826336518590907e+00 3.510298265722961997e-01 0.000000000000000000e+00
-1.478643476354194464e+00 -5.828973689401129032e-01 0.000000000000000000e+00
1.374800156898815517e+00 -2.511371576388858884e+00 1.000000000000000000e+00
2.557214194154892262e+00 -3.656278047813369625e+00 1.000000000000000000e+00
-1.024141412018983122e+00 1.403971161433561932e+00 0.000000000000000000e+00
-3.057221372690886341e+00 1.573904671959800439e+00 0.000000000000000000e+00
-1.217135171158683304e+00 7.165189617015962353e-01 0.000000000000000000e+00
3.699109442334536091e-01 1.102167858197371286e+00 0.000000000000000000e+00
1.965971077440168191e+00 4.263552556978039476e+00 0.000000000000000000e+00
-1.233147993290123035e+00 2.611845000248788295e+00 0.000000000000000000e+00
2.001796616948858798e-02 1.658245850638249141e+00 1.000000000000000000e+00
8.832522667274065320e-01 2.329050869922395073e+00 0.000000000000000000e+00
1.523035747690000719e+00 2.848697045608187040e+00 0.000000000000000000e+00
-7.578378556082094875e-01 1.521386616176352291e-01 1.000000000000000000e+00
3.758944151314890902e+00 -2.577905959439436234e+00 1.000000000000000000e+00
5.682595425021319535e-02 7.617451508914092617e-01 0.000000000000000000e+00
5.957520631905182107e-01 1.525968112499759055e+00 0.000000000000000000e+00
8.793892905774720603e-01 -9.252514006148266912e-01 1.000000000000000000e+00
-1.115409108429692431e+00 -5.635917915504911058e-01 0.000000000000000000e+00
1.023147170813671680e+00 -1.233702253262382698e+00 1.000000000000000000e+00
1.421459308380972120e+00 -1.938183798337045127e+00 1.000000000000000000e+00
1.401294760530875649e-01 -1.666903014068861211e+00 1.000000000000000000e+00
-3.633216591974572918e-01 2.845295370004070623e-01 0.000000000000000000e+00
2.097516531844525467e+00 -2.801847826219739712e+00 1.000000000000000000e+00
-8.772886505363897136e-01 8.303251698601670228e-01 0.000000000000000000e+00
-2.273788738623607752e-01 4.305373520916308649e+00 0.000000000000000000e+00
2.671456559587626067e-01 2.632887962614365307e-01 1.000000000000000000e+00
-5.036033298908892952e-01 2.731752871920270387e+00 0.000000000000000000e+00
5.780804019684878670e-01 -2.307108139981837169e+00 1.000000000000000000e+00
6.412906590200996293e-01 -3.315394592602383117e+00 1.000000000000000000e+00
1.955841896006895730e-01 1.155191261839836336e-01 1.000000000000000000e+00
1.378948384628699841e+00 2.030417386087897569e+00 0.000000000000000000e+00
2.064291371662559271e+00 -1.498639923241184668e+00 1.000000000000000000e+00
-5.761199416035923671e-01 1.068968079504216240e+00 0.000000000000000000e+00
-4.847309279892804135e-01 -9.685645361191899116e-01 1.000000000000000000e+00
7.359682915795546787e-01 2.345147594544985115e+00 0.000000000000000000e+00
-2.345842466771371537e+00 -3.819600477172247821e+00 0.000000000000000000e+00
-8.104851021541783496e-01 3.055298493467071275e+00 0.000000000000000000e+00
9.775941894576232194e-01 -3.787268425857758913e+00 1.000000000000000000e+00
-9.670738608186359997e-01 1.907326058995624685e+00 0.000000000000000000e+00
1.508916582794498584e+00 -1.461150926529903415e+00 1.000000000000000000e+00
-8.493875479170789333e-01 9.842354953616613278e-01 0.000000000000000000e+00
1.620352499846564598e-01 -3.356737271528231759e-02 0.000000000000000000e+00
6.080358592053447531e-02 4.519925807911406856e-01 1.000000000000000000e+00
-1.016583332036498533e+00 -5.570792541208668958e-01 0.000000000000000000e+00
-5.568547616956662782e-01 -6.362336577750087319e-01 0.000000000000000000e+00
1.244932680153768789e+00 2.996774225783001455e+00 0.000000000000000000e+00
3.844431795680345321e-01 -5.494269042815630222e+00 1.000000000000000000e+00
4.263136346495692841e-01 2.581388109520353247e+00 0.000000000000000000e+00
-5.382533376426601457e-01 -1.737640861850648033e+00 1.000000000000000000e+00
-1.447553533047031493e+00 1.898352393323460952e+00 0.000000000000000000e+00
1.244332887478662997e-01 -1.217684650594558882e+00 1.000000000000000000e+00
-4.371636333934109109e-01 2.623925287999850031e+00 0.000000000000000000e+00
1.834292440739284880e+00 -5.779938101813772988e+00 1.000000000000000000e+00
-1.595317375532691262e+00 1.151840673656500780e+00 0.000000000000000000e+00
-4.949072113577608345e-01 3.554882467974580074e+00 0.000000000000000000e+00
-8.835508950993461452e-01 8.375472778745323144e-01 0.000000000000000000e+00
-1.236855476830434730e+00 1.296771338860505107e+00 0.000000000000000000e+00
-1.869452340908259069e+00 1.492872194282435228e+00 0.000000000000000000e+00
-1.541308125381388061e+00 -1.939178779892503091e-01 0.000000000000000000e+00
-4.131873055515500326e-01 1.724250192940403270e+00 0.000000000000000000e+00
-1.582618923298924285e+00 1.030092359818096881e+00 0.000000000000000000e+00
4.376803907135501381e-01 -2.895648167707921772e+00 1.000000000000000000e+00
1.353782984297186021e-01 -2.246028879646544851e+00 1.000000000000000000e+00
2.763279930629833903e+00 -2.064395777034491175e+00 1.000000000000000000e+00
-4.328684985680741892e-01 -3.317119135583864065e+00 1.000000000000000000e+00
2.090472757596941733e+00 -1.303842366171871436e+00 1.000000000000000000e+00
1.795056040672543762e+00 -2.578792854258162404e+00 1.000000000000000000e+00
1.000086833068747127e+00 -4.611447832974411298e-01 1.000000000000000000e+00
6.976995917576243045e-01 4.723231648136418936e-01 0.000000000000000000e+00
3.721143477945453526e+00 -2.982329598994415853e+00 1.000000000000000000e+00
2.934742954487966848e+00 -3.586283129258340363e+00 1.000000000000000000e+00
9.327676433697218439e-01 1.907394062961680348e-01 1.000000000000000000e+00
1.944038580142933847e+00 -2.239140726172966556e+00 1.000000000000000000e+00
8.751188825539590876e-02 -3.717378698259112380e+00 1.000000000000000000e+00
8.569338266280398519e-01 -4.119102580099193389e+00 1.000000000000000000e+00
5.549755124079498447e-01 -9.581172762499701179e-03 1.000000000000000000e+00
1.279776768342402837e+00 -1.868026478299852355e+00 1.000000000000000000e+00
2.856374088264959088e-01 -2.657986656430701533e+00 1.000000000000000000e+00
9.125068374703164675e-01 -2.455847424893715658e+00 1.000000000000000000e+00
-2.151756929297241605e-01 -1.677649011362165599e-01 1.000000000000000000e+00
-5.877297033424304651e-01 2.711997743205508016e+00 0.000000000000000000e+00
-5.036841458573391161e-01 3.144610246316063673e+00 0.000000000000000000e+00
1.376940267105158711e+00 -2.026573746666842979e+00 1.000000000000000000e+00
-1.292685188065602286e+00 2.974410973981563622e+00 0.000000000000000000e+00
-8.262738673387055588e-01 -1.744982967601549806e+00 0.000000000000000000e+00
-1.702933275888481202e+00 6.746483659207815897e-01 0.000000000000000000e+00
-1.139041168330062970e+00 1.287567441219260145e+00 0.000000000000000000e+00
-8.825450955312863499e-02 -5.964834619042735930e-02 1.000000000000000000e+00
-5.773900270806288093e-01 1.936487647650622090e+00 0.000000000000000000e+00
2.194006734706917428e+00 -4.449100597108101240e+00 1.000000000000000000e+00
7.477812004743178420e-01 -1.775493782166381207e+00 1.000000000000000000e+00
1.511432891952042112e+00 2.667833329404468490e+00 0.000000000000000000e+00
-1.333340261305682395e+00 1.450238969001842015e+00 0.000000000000000000e+00
1.983045182427479958e+00 1.055614199151824195e-01 1.000000000000000000e+00
-6.432657078232346670e-01 -9.844635152474827677e-01 1.000000000000000000e+00
-2.900103429358601215e+00 -1.780208123631564554e+00 0.000000000000000000e+00
-4.899398529478382613e-02 -2.198500765911250987e-01 1.000000000000000000e+00
-7.317031599500918304e-01 -3.798469181770621095e+00 1.000000000000000000e+00
-3.287558601856298557e-01 2.926266533409028092e+00 0.000000000000000000e+00
1.318183104255058247e+00 -1.448911475106154922e+00 1.000000000000000000e+00
1.381469607304316671e+00 -4.043442719125181384e+00 1.000000000000000000e+00
-9.349775052027281541e-01 -6.628080692964799514e-01 0.000000000000000000e+00
9.314617764580991333e-01 -3.349926133710443565e-01 1.000000000000000000e+00
4.377452435724857871e-01 -1.531574834047462197e-01 1.000000000000000000e+00
-1.908819858742962561e+00 -7.936532609669912919e-01 0.000000000000000000e+00
5.673306735780423438e-01 2.314682165845103334e-01 1.000000000000000000e+00
-2.359315976971648077e+00 -3.592476106040476402e-01 0.000000000000000000e+00
-2.652541266556766253e+00 -2.581949081907568555e-01 0.000000000000000000e+00
-3.967360517636973061e-01 2.680085435286050366e-02 0.000000000000000000e+00
3.078914247501493673e+00 -2.498735675323792371e+00 1.000000000000000000e+00
-2.666687823399038315e+00 5.818071503045985082e-01 0.000000000000000000e+00
-1.418924760054322443e+00 2.741736250336336056e+00 0.000000000000000000e+00
2.261408935877977644e-01 -1.794701313630521433e+00 0.000000000000000000e+00
2.219408234738157848e+00 -1.743046019113269285e+00 1.000000000000000000e+00
-6.834904824353066344e-01 6.794323230782530754e-01 0.000000000000000000e+00
-4.488049445780371016e-01 -2.829586853578999861e+00 1.000000000000000000e+00
2.377457837391037110e-01 -8.928088021052511536e-01 0.000000000000000000e+00
-2.143929817229019985e-01 -3.024498983810500086e+00 1.000000000000000000e+00
1.319436530639779281e+00 -3.397667737144117073e+00 1.000000000000000000e+00
2.012954258251230755e+00 -4.459100521197195022e+00 1.000000000000000000e+00
3.727534109812142393e+00 -2.792130382642708852e+00 1.000000000000000000e+00
1.899944885772382630e+00 -1.419261730766862240e+00 1.000000000000000000e+00
1.875065245827104654e+00 -1.281282832449471165e+00 1.000000000000000000e+00
-4.932266579973731968e-01 3.458998083997172124e+00 0.000000000000000000e+00
1.365307565624584107e+00 -4.303632283708276773e+00 1.000000000000000000e+00
-6.122644166322697146e-01 2.348435653970078363e+00 0.000000000000000000e+00
-1.833320983428512907e+00 3.650789780914546201e-01 0.000000000000000000e+00
1.040139813380206002e+00 -2.074989324475297714e+00 1.000000000000000000e+00
2.029097604925125253e+00 -2.339213703202041028e+00 1.000000000000000000e+00
-1.354349015197229500e+00 1.709632036582880987e-01 0.000000000000000000e+00
-8.621569292046260546e-02 1.036591680867438470e+00 0.000000000000000000e+00
1.922940737799786026e+00 -5.097671078227799413e+00 1.000000000000000000e+00
1.223697165129996600e+00 -1.889241194672089286e+00 1.000000000000000000e+00
-1.812888821974940168e+00 2.005120802893544774e+00 0.000000000000000000e+00
-1.843914033517853657e+00 3.232775388087921975e+00 0.000000000000000000e+00
3.389211523215198696e-01 -4.827339535850903030e-01 1.000000000000000000e+00
-4.706489377603984003e-01 -1.309500919543212571e+00 1.000000000000000000e+00
7.518036596903789892e-01 -3.143192127678862136e+00 1.000000000000000000e+00
-5.042942958816789556e-01 -2.446319147756945700e-01 1.000000000000000000e+00
1.004017796629056880e+00 -9.548263869992077435e-01 1.000000000000000000e+00
-1.815816694076322069e+00 2.462115013493848092e+00 0.000000000000000000e+00
1.779459343514128156e+00 -3.308871634039336929e+00 1.000000000000000000e+00
-2.504826837299760633e+00 1.333603732790604735e-01 0.000000000000000000e+00
2.170282531020433225e+00 -1.467234279279920006e+00 1.000000000000000000e+00
1.297445894582228476e+00 -5.172243144064001541e+00 1.000000000000000000e+00
8.284227898701463921e-01 1.488582040461687850e+00 0.000000000000000000e+00
8.319118082021053073e-01 -1.627964105469632772e+00 1.000000000000000000e+00
2.784986090036515094e+00 -2.181843889696385652e+00 1.000000000000000000e+00
-2.102937974563017232e-01 1.245577550462713567e+00 0.000000000000000000e+00
-1.566246476045627833e+00 1.684041291936819507e+00 0.000000000000000000e+00
1.664210721863250031e+00 -3.457882865359218627e+00 1.000000000000000000e+00
-5.876881371716848879e-01 7.362248793730654661e-01 0.000000000000000000e+00
9.870718693511523201e-01 -2.010519639948187720e+00 1.000000000000000000e+00
2.492204503888675760e+00 -1.152239650173693342e+00 1.000000000000000000e+00
5.042392143627894008e-01 -2.930520823637682515e+00 1.000000000000000000e+00
1.933331047184860596e+00 -1.938460117250611070e+00 1.000000000000000000e+00
-1.666082516182195050e+00 1.649642458124905176e+00 0.000000000000000000e+00
-2.328160075762940373e+00 2.077323692561184654e+00 0.000000000000000000e+00
-1.198026139328230544e+00 9.614429649899618457e-01 0.000000000000000000e+00
-2.319343994345851367e+00 5.072404518316515620e-01 0.000000000000000000e+00
5.864796380810126664e-01 -1.014839717722479717e+00 1.000000000000000000e+00
1.413817014202992883e+00 -1.820572669698783619e+00 1.000000000000000000e+00
1.437711896241103071e+00 -1.734126105775989135e+00 1.000000000000000000e+00
-3.811105939790105923e-01 1.913056986361305611e-01 0.000000000000000000e+00
-3.649894657284227240e-01 1.947454141687740892e+00 0.000000000000000000e+00
-9.535534647252563722e-02 -4.065817043607509174e-01 1.000000000000000000e+00
1.702957838519626232e+00 -3.631344612456682608e+00 1.000000000000000000e+00
6.315959635344006173e-01 -8.760522410437832086e-01 1.000000000000000000e+00
2.005248715674058602e+00 -2.446354793423372698e+00 1.000000000000000000e+00
-1.365624408065300166e-01 -5.511490850703515409e-01 0.000000000000000000e+00
4.715893454536914664e-01 -2.214044920323044341e+00 1.000000000000000000e+00
1.449291878889319651e+00 -3.077833257487810670e+00 1.000000000000000000e+00
1.068759647240041577e+00 -4.473010394138476897e-02 1.000000000000000000e+00
-1.889429979719108754e+00 -6.871917357861629938e-01 0.000000000000000000e+00
2.088633566950419684e+00 -3.020760963134176080e+00 1.000000000000000000e+00
2.194841504857453440e+00 -5.664204669025172389e-01 1.000000000000000000e+00
-1.050436850622883167e+00 5.341948039796740044e-02 0.000000000000000000e+00
-1.756114519495978632e+00 -1.106641958012728022e+00 0.000000000000000000e+00
-6.303807010392854515e-01 -3.502416795353944678e+00 1.000000000000000000e+00
-1.050384058079054217e+00 -4.360432730085126440e-01 0.000000000000000000e+00
-6.107240218207851123e-01 2.161982198013126411e+00 0.000000000000000000e+00
6.612341078263902494e-01 -1.976852217835500802e+00 1.000000000000000000e+00
-5.510654902361242780e-01 -1.460530307452402976e+00 0.000000000000000000e+00
4.054538664306557294e+00 -2.986619156408677256e+00 1.000000000000000000e+00
-1.778953654967565745e+00 8.702841313379474641e-01 0.000000000000000000e+00
8.575400928473209117e-01 1.384567303711543573e-01 1.000000000000000000e+00
-2.124788958034482533e+00 1.286802957789415558e+00 0.000000000000000000e+00
-8.143706311615721560e-01 2.021973544853868709e+00 0.000000000000000000e+00
8.772936338882120211e-02 6.598746301146044546e-01 0.000000000000000000e+00
-2.437052758312319156e+00 -4.690239699326075318e-01 0.000000000000000000e+00
-3.883789570481612774e-01 1.897378760583332991e+00 0.000000000000000000e+00
-1.607447469010766516e-01 3.656715393608429565e-01 0.000000000000000000e+00
-1.066192709411323492e+00 1.845775668181111051e+00 0.000000000000000000e+00
-1.569926923186036438e+00 1.137946236694064472e+00 0.000000000000000000e+00
7.723457946399214791e-01 -3.424293851460016747e+00 1.000000000000000000e+00
-1.248932547846711483e+00 -4.844111769016623548e-01 0.000000000000000000e+00
-4.407780871260673639e-01 -7.676267176444411255e-01 0.000000000000000000e+00
-2.428288581160631843e+00 1.191960646713090988e+00 0.000000000000000000e+00
8.407169128265762348e-01 -6.827532058391230230e-01 1.000000000000000000e+00
-2.978728008571289720e-01 2.388597362465687546e-01 0.000000000000000000e+00
-2.883993209108254296e-01 1.504911280685144792e+00 0.000000000000000000e+00
-1.505526115843687673e+00 7.090319815316672436e-01 0.000000000000000000e+00
2.351563828183547145e-01 2.950648138395267850e+00 0.000000000000000000e+00
-1.253317216210701579e+00 2.057524074247131018e+00 0.000000000000000000e+00
7.305568659407790655e-03 -3.185210847767089071e+00 1.000000000000000000e+00
-1.525181993440456907e+00 6.120993056105801244e-01 0.000000000000000000e+00
-1.248334964918657919e+00 -1.864517328110550931e-01 0.000000000000000000e+00
1.775031809466867116e-01 1.373920100932796151e+00 0.000000000000000000e+00
1.729789025835695826e+00 -2.351227469021839322e+00 1.000000000000000000e+00
-2.076401526295625910e-01 3.155247452251725981e-01 1.000000000000000000e+00
1.419472866092037489e-01 1.371290774379466670e+00 0.000000000000000000e+00
-8.492331349370935145e-01 3.911521442946677141e-01 0.000000000000000000e+00
-2.045916359401780849e+00 2.801079866481045233e+00 0.000000000000000000e+00
-9.131207276982555854e-02 -4.170614245197183934e+00 1.000000000000000000e+00
-2.685340054544103072e-01 1.729061993082704918e+00 0.000000000000000000e+00
-9.352359862484995734e-01 2.180972888623825545e-01 0.000000000000000000e+00
-3.011592895619513488e+00 -2.664045100006742217e-01 0.000000000000000000e+00
-2.461829641508134214e-01 2.756753898415079895e+00 0.000000000000000000e+00
3.641287425160812941e-01 -2.802319387456691846e+00 1.000000000000000000e+00
3.721440572475240849e-01 -1.596437851732642965e+00 1.000000000000000000e+00
1.317415058712824383e+00 -2.441631360101793824e+00 1.000000000000000000e+00
-1.232417275160002657e+00 3.004560117106501060e+00 0.000000000000000000e+00
2.727468335510483399e-01 -8.230497884929020014e-01 1.000000000000000000e+00
3.119847732832115028e-01 1.823032832143719029e+00 0.000000000000000000e+00
-9.132928754580955655e-01 2.071809842705680360e+00 0.000000000000000000e+00
-7.723291520222941298e-02 5.484275279474282172e-02 0.000000000000000000e+00
2.010589461462886085e-02 8.571017412703589855e-01 0.000000000000000000e+00
7.202765184244979135e-01 -3.373760354623708491e+00 1.000000000000000000e+00
-1.118908905270594278e+00 -1.164797778379403237e+00 1.000000000000000000e+00
2.895845212357607945e+00 -2.760271190768238903e+00 1.000000000000000000e+00
-1.722154763289536872e+00 -2.412112552497035711e+00 0.000000000000000000e+00
2.557269762173574268e+00 -2.839189761360656039e+00 1.000000000000000000e+00
-9.659454072919906320e-01 2.188884600034984196e+00 0.000000000000000000e+00
-1.287106437944804060e+00 -8.228093178781168415e-01 0.000000000000000000e+00
2.855586596099710661e-01 2.872786972109436121e+00 0.000000000000000000e+00
1.058940742627390907e+00 -4.803344854996355551e+00 1.000000000000000000e+00
-1.874750178543814094e+00 3.172044876261733926e+00 0.000000000000000000e+00
-1.427935559070811378e+00 -4.442557050939566210e-02 0.000000000000000000e+00
4.958496833019059302e-01 -1.230615829559934760e+00 1.000000000000000000e+00
1.633876674953004926e+00 -2.677663092670137690e+00 1.000000000000000000e+00
-1.783742790216366281e+00 -6.170777595680387861e-02 0.000000000000000000e+00
2.057399849157905969e+00 -2.594818536450264723e+00 1.000000000000000000e+00
-4.142753430102711354e-01 2.015179992527792674e+00 0.000000000000000000e+00
-3.574065335925542541e-01 -5.268721448906652505e-01 1.000000000000000000e+00
-1.654591647764027673e+00 -5.727840252701486001e-01 0.000000000000000000e+00
2.611124828677245269e+00 -3.615434297816655818e+00 1.000000000000000000e+00
-1.504985294143220909e+00 1.590733724737799504e+00 0.000000000000000000e+00
7.431446982111076238e-01 3.457440096168693966e+00 0.000000000000000000e+00
-1.081431497923206031e+00 1.196156505927865155e+00 0.000000000000000000e+00
-1.634150425734276268e+00 -1.004764766977792600e-01 0.000000000000000000e+00
-4.980198056229843129e-01 -1.355314996167833463e-02 0.000000000000000000e+00
-5.981009499001774810e-01 2.647274860977930189e+00 0.000000000000000000e+00
-1.621363558643340141e+00 -6.012932200074800893e-01 0.000000000000000000e+00
-1.937450445801918164e-01 -1.310413667929147374e+00 1.000000000000000000e+00
-1.726347817043939692e+00 -7.524181405044569892e-01 0.000000000000000000e+00
-1.100308521295751074e+00 1.953390940195562475e+00 1.000000000000000000e+00
2.781002182993708161e-02 2.148017949630251167e+00 0.000000000000000000e+00
-8.063507840613391986e-01 2.187722569001930850e-01 0.000000000000000000e+00
8.117350491175673310e-01 -2.209553828457090585e+00 1.000000000000000000e+00
3.819409971211732424e-01 -2.924114901446428494e-01 1.000000000000000000e+00
-1.024957381446955473e+00 2.529956148863179877e+00 0.000000000000000000e+00
-1.360210390709871264e+00 -1.603453869125682552e+00 0.000000000000000000e+00
2.445899150427647273e-01 -3.634103544046348055e+00 1.000000000000000000e+00
-5.680201333639984806e-01 -1.911237914822705664e+00 1.000000000000000000e+00
6.344094736926093603e-01 5.033301195108270676e-01 1.000000000000000000e+00
1.601539184080295275e+00 -6.429914597441601654e-01 1.000000000000000000e+00
1.428740744848900679e+00 -3.588322343440106810e-01 1.000000000000000000e+00
3.344589232361103726e-01 -1.240419539184177022e+00 1.000000000000000000e+00
-3.045621903885753490e+00 -2.995341877918065165e-01 0.000000000000000000e+00
9.787612435081989304e-01 -1.237516036414805010e+00 1.000000000000000000e+00
4.053250134836110519e-01 1.622501658565056459e-01 1.000000000000000000e+00
-1.986958425268026796e+00 -1.825858130130158852e+00 0.000000000000000000e+00
1.105386860510088054e-01 -3.599876032338428899e+00 1.000000000000000000e+00
-3.535504090388688514e+00 6.255064012728526190e-01 0.000000000000000000e+00
-1.403051842916516190e+00 6.210569547043419680e-01 0.000000000000000000e+00
-5.580307127871528827e-01 2.330629852297457116e+00 0.000000000000000000e+00
1.258359505644236931e+00 -2.534836627116070051e+00 1.000000000000000000e+00
2.876451236311083903e-02 1.617975952704265197e+00 1.000000000000000000e+00
3.297311934328714500e+00 -3.710784907686545786e+00 1.000000000000000000e+00
9.804897864811223940e-01 -4.633648591855659582e+00 1.000000000000000000e+00
1.878051235407831365e+00 -1.051206903264707559e+00 1.000000000000000000e+00
-8.856811439690592813e-02 -2.564216198464126961e+00 1.000000000000000000e+00
2.611369717443857041e+00 -3.521135179075196575e+00 1.000000000000000000e+00
-4.683537117767859748e-01 -7.082829164614403705e-01 1.000000000000000000e+00
4.519316390170270425e-01 4.559244085054432460e-01 1.000000000000000000e+00
-1.736436820603458386e+00 1.623301349176399455e+00 0.000000000000000000e+00
-6.922172905930181752e-01 1.113537431336062422e+00 0.000000000000000000e+00
4.610770833718942363e-01 1.561748089934517081e+00 0.000000000000000000e+00
-3.136758612328919282e-01 1.848466196812190709e-01 0.000000000000000000e+00
1.210569303533764796e+00 -4.152022031295039994e+00 1.000000000000000000e+00
-1.580797549598131235e+00 -1.360231392412959650e+00 0.000000000000000000e+00
-7.484333785741092981e-04 1.416539857489756082e+00 0.000000000000000000e+00
-6.848666252153978729e-01 -4.355603474471421155e-01 0.000000000000000000e+00
-1.317968044863658594e+00 -1.801397937374091818e-01 0.000000000000000000e+00
6.123911920641202933e-01 -1.850311081633524424e-01 1.000000000000000000e+00
-1.216923843121211712e+00 -4.963642205577840638e-01 0.000000000000000000e+00
-6.536218146984559274e-01 2.916168563282000914e+00 0.000000000000000000e+00
-1.650135684882333198e+00 1.317099783182170913e+00 0.000000000000000000e+00
-1.036788343566671600e+00 3.407927500702452317e-01 0.000000000000000000e+00
-1.365284197318166193e-01 2.289250221614579139e+00 0.000000000000000000e+00
-1.424901169456800121e+00 -2.172705153027352232e-01 0.000000000000000000e+00
-5.962066056668853253e-01 2.715027477885633367e+00 0.000000000000000000e+00
6.126534998481969474e-01 -3.474484883744329622e+00 1.000000000000000000e+00
-2.387324097273149981e+00 -2.182040750840689380e+00 0.000000000000000000e+00
1.232929871993849069e+00 -2.273547285361125603e+00 1.000000000000000000e+00
-1.501474715451989184e-02 -3.351785542258411521e+00 1.000000000000000000e+00
-9.200796806081101842e-02 1.554703476473450197e+00 0.000000000000000000e+00
-3.188528570797993789e-01 1.045902373738964330e+00 0.000000000000000000e+00
-4.472338045358581482e-01 -6.088308278310277100e-01 1.000000000000000000e+00
-8.251942861547725272e-01 -2.602689882956008560e-01 1.000000000000000000e+00
-2.625360636760575517e+00 -1.475198431398120569e+00 0.000000000000000000e+00
-1.205166339242210283e+00 1.763175707745387344e+00 0.000000000000000000e+00
5.138000709321322024e-01 -1.030598882305676423e+00 1.000000000000000000e+00
-3.238075309179060390e-01 3.187990695725340107e+00 0.000000000000000000e+00
-6.341106270855991767e-01 1.001263886786733170e+00 0.000000000000000000e+00
-2.111865723877761614e-01 2.117616962151920301e-01 0.000000000000000000e+00
1.322928472888018625e+00 5.867123156760927216e-01 1.000000000000000000e+00
1.066920639080787270e+00 -3.790471220384215023e+00 1.000000000000000000e+00
-8.869437901048888850e-01 -4.201542158221958090e-01 0.000000000000000000e+00
1.552147673355632307e+00 -2.654591410072787205e+00 1.000000000000000000e+00
-5.641087095845389587e-01 -2.721964427434191869e+00 1.000000000000000000e+00
-9.394021713796835149e-01 1.624367566550056541e+00 0.000000000000000000e+00
6.921754816540159894e-01 2.241807169613663220e+00 0.000000000000000000e+00
2.790987421375521471e-01 1.434664793154322382e+00 0.000000000000000000e+00
6.501242651133407602e-01 3.160691669362236667e+00 0.000000000000000000e+00
-1.329516625847701583e+00 1.499824658566184965e+00 0.000000000000000000e+00
2.312603434968005356e+00 2.629523027613638320e+00 0.000000000000000000e+00
-2.031006735817242781e+00 2.173420113022123124e-01 0.000000000000000000e+00
-1.095869161758043608e+00 1.674548440758962586e+00 0.000000000000000000e+00
-1.239031273836792790e+00 -1.550370125166486979e-01 0.000000000000000000e+00
2.755671253065541393e-01 -7.038909544615350455e-01 1.000000000000000000e+00
6.943546644428866266e-01 -3.770553492245788618e+00 1.000000000000000000e+00
-1.139929415091138765e-01 2.779595923403964441e+00 0.000000000000000000e+00
2.372794656568872007e+00 -2.897398269104112245e+00 1.000000000000000000e+00
-1.348597819549330890e+00 -2.245413559606646459e+00 1.000000000000000000e+00
1.178246259902984150e+00 -1.646161179517713125e+00 1.000000000000000000e+00
2.376655791969093823e+00 -1.939581006162572452e+00 1.000000000000000000e+00
2.222580674133801004e+00 -3.054209893569959533e+00 1.000000000000000000e+00
-2.190026297590732529e+00 2.694370050695423791e-01 0.000000000000000000e+00
2.162896637758898732e-01 -2.036736572452602534e+00 1.000000000000000000e+00
1.270989951780551186e+00 -1.346017367068065296e+00 1.000000000000000000e+00
-4.323421211406611731e-01 8.833410092640211486e-01 0.000000000000000000e+00
2.336547921311486142e+00 -4.564328514438804163e+00 1.000000000000000000e+00
3.381258064080610914e+00 -2.723144551301586169e+00 1.000000000000000000e+00
2.636780470022201950e-01 -2.414091426362574566e+00 1.000000000000000000e+00
1.862284978934710011e+00 -1.771567570026059135e+00 1.000000000000000000e+00
2.031871803070295357e-01 6.919396416010098472e-01 0.000000000000000000e+00
1.437919398870416865e+00 -3.528699605067576961e+00 1.000000000000000000e+00
-9.181436594277943009e-01 -2.890357261135579225e+00 1.000000000000000000e+00
-1.449586377407843241e+00 8.076527402302345893e-01 0.000000000000000000e+00
-2.080915804144530146e+00 1.240089332718068427e-01 0.000000000000000000e+00
-9.560377034821165854e-01 2.443166161741774367e-01 0.000000000000000000e+00
1.200751559700259818e+00 -3.298099727313231533e+00 1.000000000000000000e+00
2.714845068070677936e+00 -7.111624111847043572e-01 1.000000000000000000e+00
1.057377561631017038e+00 -2.130603126627449662e+00 1.000000000000000000e+00
-9.885986875242674943e-01 2.650710103327248213e+00 0.000000000000000000e+00
-7.659306490833226455e-01 -6.330491873322561247e-01 1.000000000000000000e+00
-1.635409495483723497e+00 1.318415529233275763e+00 0.000000000000000000e+00
6.541296503649270955e-01 -1.458136110440522604e+00 1.000000000000000000e+00
-1.481120718573326611e+00 3.431966134502442145e-01 0.000000000000000000e+00
-1.501862683241043106e+00 6.111428814735841986e-02 0.000000000000000000e+00
1.066552706710043097e+00 8.891582534508338798e-01 0.000000000000000000e+00
9.631706377531060737e-01 -4.122681296414237195e+00 1.000000000000000000e+00
2.261593160932248825e+00 -3.247629264646673342e+00 1.000000000000000000e+00
1.088213532235905445e+00 -1.203710962756149527e+00 1.000000000000000000e+00
-2.244599559556607060e-01 3.973007373490321514e-01 0.000000000000000000e+00
-7.516072951144350256e-01 1.196613740399009806e+00 0.000000000000000000e+00
9.669490918949930069e-01 2.192476905028891032e+00 0.000000000000000000e+00
-1.118381097702886517e+00 1.517514897940402285e+00 0.000000000000000000e+00
-1.056975631640430402e+00 2.130874381187013000e+00 0.000000000000000000e+00
-7.731825327990855534e-01 -2.743897760120494134e+00 1.000000000000000000e+00
-1.330622141852638718e+00 -9.646077905464232050e-01 0.000000000000000000e+00
-1.427594701314368830e+00 1.412801696192959033e+00 0.000000000000000000e+00
-6.232170499030567079e-01 -1.612486192446231259e+00 1.000000000000000000e+00
1.804794464233174800e+00 -8.171793442262706986e-01 1.000000000000000000e+00
1.215333137547888853e+00 -2.562451477581976000e+00 1.000000000000000000e+00
1.236187588808761895e+00 -1.970569534640348008e+00 1.000000000000000000e+00
-8.922734603532194164e-01 -9.560872064588659125e-01 1.000000000000000000e+00
-3.092942558607618686e-01 -2.651996365699021307e+00 1.000000000000000000e+00
-8.729525053616515873e-02 1.048838756640046332e+00 0.000000000000000000e+00
-3.615027875067075014e-01 2.117180989118227608e+00 0.000000000000000000e+00
1.297684661269825401e+00 -2.398100522710980176e+00 1.000000000000000000e+00
-1.249233212335146836e+00 -1.100137999060060157e+00 0.000000000000000000e+00
-1.866862902306325012e+00 2.760192792697107933e+00 0.000000000000000000e+00
7.026032883384343286e-01 -1.407462211970382127e+00 1.000000000000000000e+00
1.719335659857742504e+00 -5.427291730392809654e+00 1.000000000000000000e+00
1.109343928859157558e+00 -4.528486885131971285e+00 1.000000000000000000e+00
8.958893474686833169e-01 -1.806394820837000426e+00 1.000000000000000000e+00
1.712155235185068403e+00 -7.950955727033690579e-01 1.000000000000000000e+00
-1.033245015905142505e+00 1.701723152304097875e+00 0.000000000000000000e+00
7.692950200631594182e-01 -2.801045723786899533e+00 1.000000000000000000e+00
1.764411591622717879e+00 -1.865791376162582171e+00 1.000000000000000000e+00
2.054072218654042992e+00 -4.909364144442720956e+00 1.000000000000000000e+00
-9.046180177511652376e-01 6.782552576425111557e-01 0.000000000000000000e+00
1.380836382825424424e-01 -2.321786526424660657e+00 1.000000000000000000e+00
2.021436829761047438e-01 1.986515886504741868e+00 0.000000000000000000e+00
-1.939742268512059109e+00 -1.582210837442978857e-01 0.000000000000000000e+00
-2.963436708971100231e+00 1.877306898121692935e+00 0.000000000000000000e+00
1.978567611029896645e-01 3.022159390312237903e-01 1.000000000000000000e+00
-1.738222827006581150e+00 1.774085822289603431e+00 0.000000000000000000e+00
-1.290149409497267641e-01 1.813710359746240730e+00 0.000000000000000000e+00
-1.853728228428759284e-01 1.549332563021286635e+00 0.000000000000000000e+00
-7.556143945498433601e-01 1.272020490517727698e+00 0.000000000000000000e+00
-2.130825775306310899e-02 2.142419952298694863e+00 0.000000000000000000e+00
8.626492529110638685e-01 -2.727952050650928051e+00 1.000000000000000000e+00
-6.807661208275050946e-02 -1.998304989253601116e+00 1.000000000000000000e+00
1.182634961955087105e+00 -1.791233724524765147e+00 1.000000000000000000e+00
1.170869596514021005e+00 -1.160514692589071917e+00 1.000000000000000000e+00
-2.008400168108352535e+00 1.086216513715628773e-01 0.000000000000000000e+00
5.036785343272938142e-01 -9.131319884551409860e-01 1.000000000000000000e+00
-1.060834235213418797e+00 3.802417601940459857e-01 0.000000000000000000e+00
7.042842639058781717e-01 -7.929293228231319990e-01 1.000000000000000000e+00
5.333708512966301996e-01 1.061840066392252258e+00 0.000000000000000000e+00
7.109658354631149813e-01 -1.788250495109260818e+00 1.000000000000000000e+00
1.377109906659691463e+00 -3.142653295340948727e+00 1.000000000000000000e+00
-8.616986252737769414e-01 1.076412538999953483e+00 0.000000000000000000e+00
1.071910466976569554e+00 2.817417078897870297e-01 1.000000000000000000e+00
1.454632063996735170e+00 -1.629019075500161007e+00 1.000000000000000000e+00
8.420707953240349486e-01 -3.549671614629263949e+00 1.000000000000000000e+00
1.015491334598049633e+00 -2.063854863040838428e+00 1.000000000000000000e+00
1.382893175033771627e+00 -1.731343145664362648e+00 1.000000000000000000e+00
-5.843458894083641830e-01 4.970793593085243156e-01 0.000000000000000000e+00
-1.497246959859867221e+00 5.616175051182955569e-01 0.000000000000000000e+00
5.780468038971660061e-01 2.098000388080238476e+00 0.000000000000000000e+00
-2.313294980014117819e+00 -1.242138898840026151e-01 0.000000000000000000e+00
-2.593150318753700834e-02 2.377502934559402537e+00 0.000000000000000000e+00
-1.053610877253717826e+00 1.427176452135844098e+00 0.000000000000000000e+00
-2.068075843014388404e+00 -1.042900896378234243e+00 0.000000000000000000e+00
-1.624952580648779232e+00 -2.019596632770956912e-01 0.000000000000000000e+00
6.585307599408274370e-02 1.359308844024461838e+00 0.000000000000000000e+00
2.331544342147436888e-01 -2.586372776772218884e+00 1.000000000000000000e+00
2.688746259744143607e-01 1.042863739815731883e+00 0.000000000000000000e+00
-1.379146772115658948e+00 1.312353708369986549e-01 1.000000000000000000e+00
-1.499279131230923934e+00 1.672163385798126178e+00 0.000000000000000000e+00
-1.348774099616075084e+00 6.748184768637059960e-01 0.000000000000000000e+00
-2.185185199464604100e+00 -1.553753165168241246e+00 0.000000000000000000e+00
3.950662292267148601e-01 1.855631880550651092e+00 0.000000000000000000e+00
-4.392095630494405878e-01 -1.576166713440141809e+00 1.000000000000000000e+00
-1.356916576258586193e+00 1.841234925359917618e+00 0.000000000000000000e+00
5.524114210417305770e-01 -3.151978137639643407e+00 1.000000000000000000e+00
-1.267002962630362939e+00 -9.857203426248650757e-02 0.000000000000000000e+00
2.175904397235671084e+00 -3.394101829970423090e+00 1.000000000000000000e+00
-1.188341074372368356e+00 8.468893179815817351e-01 0.000000000000000000e+00
-2.864092988913060189e+00 -2.204817759259309007e+00 0.000000000000000000e+00
1.308360045561709262e+00 -3.720180255023988192e+00 1.000000000000000000e+00
1.729600578510359199e+00 -2.313679886863022617e+00 1.000000000000000000e+00
1.974152247172127339e-01 1.899245743508806372e+00 0.000000000000000000e+00
-7.397848884441420303e-01 3.711057303684787145e-01 0.000000000000000000e+00
1.107735475666136837e+00 -4.449541453008980518e-01 1.000000000000000000e+00
7.850641704750482841e-01 3.295675262294661678e-02 1.000000000000000000e+00
7.456476597491862313e-01 -8.176941068237741916e-01 1.000000000000000000e+00
2.226470410792119381e+00 9.349553556263754395e-01 1.000000000000000000e+00
1.020460503635354677e+00 -1.323260002978719152e+00 1.000000000000000000e+00
-1.113339323856936680e+00 2.766750379152043138e-01 0.000000000000000000e+00
4.049244242021488027e-02 3.339736348993788351e+00 0.000000000000000000e+00
-1.759069964286501531e+00 -5.678834782757988808e-01 0.000000000000000000e+00
1.241678096897122607e+00 1.296576414352919482e+00 0.000000000000000000e+00
-1.601616190469572931e+00 -4.179258200079900565e-01 0.000000000000000000e+00
3.717102578001134638e-01 -3.977806010727205077e-01 0.000000000000000000e+00
-1.179257307873092575e+00 3.000996036300629388e+00 0.000000000000000000e+00
2.006351380018815522e+00 -1.968717170548803574e+00 1.000000000000000000e+00
-2.347476591437378524e-01 4.891555615662270817e-01 1.000000000000000000e+00
-2.398602102896859822e+00 2.146773971893032762e+00 0.000000000000000000e+00
-9.764747193664474745e-01 -5.827364611391416815e-01 0.000000000000000000e+00
4.613629651719650671e-01 -3.848179738295231189e+00 1.000000000000000000e+00
3.139768263970705853e-01 -1.064272841236258094e+00 1.000000000000000000e+00
-1.798246072579321231e+00 4.359002656751354010e-01 0.000000000000000000e+00
-8.359257045795356333e-01 1.449648910000383095e+00 0.000000000000000000e+00
-9.434599674018575577e-01 3.320676482987343636e+00 0.000000000000000000e+00
8.917100886258924053e-01 -3.104534639202900959e+00 1.000000000000000000e+00
1.506393846593522046e+00 -1.535960505708790835e+00 1.000000000000000000e+00
1.020353059540861640e-01 3.694501900735741806e+00 0.000000000000000000e+00
-2.328688849327686938e-03 -2.945955361168219877e-01 1.000000000000000000e+00
2.085100585590686784e-01 -2.619229153441525959e+00 1.000000000000000000e+00
